0.4       0.3       0.5
0.0435    0.04      0.047
0.1e-3    0.5e-4    0.15e-3
0.60      0.5       1.0
0.72      0.5       1.0
0.832     0.5       1.0
1.6       1.0       4.0
0.05      0.025     0.075
0.05      0.025     0.075
0.1       0.05      0.15
0.05      0.025     0.075
0.05      0.025     0.075
0.025     0.0125    0.0375
1.5       1.0       3.0
6.87e-3   3.435e-3  1.0305e-2
1.26e-2   6.3e-3    1.89e-2
1.5       1.0       2.0
2.5e-3    1.25e-3   3.75e-3
4.29e-4   2.145e-4  6.435e-4
7.86e-4   3.93e-4   1.1179e-3
1.5       1.0       2.0
0.75      0.25      1.0
0.5       0.25      0.75
1.52e-5   7.6e-6    2.28e-5
0.016     0.008     0.024
0.03      0.015     0.045
0.02      0.01      0.05
2.0       1.0       5.0
0.25      0.125     0.375
0.05      0.025     0.075
0.5       0.25      0.75
0.25      0.125     0.375
0.5       0.25      0.75
200.0     100.0     500.0
50.0      25.0      75.0
7.862e-4  7.0e-4    9.0e-4
1.258e-2  1.0e-2    2.0e-2
1.0       0.5       1.0
0.01      0.005     0.015
10.0      5.0       10.0
0.1       0.05      0.45
0.1       0.05      0.45
0.1       0.05      0.45
0.05      0.05      0.45
0.05      0.05      0.45
0.05      0.05      0.45
1.0       0.5       5.5
0.06      0.0       0.5
0.06      0.0       0.5
0.06      0.0       0.5
0.05      0.0       0.5
